0 0.44894018216867887
1 0.40871087947719936
2 0.40717446403235896
3 0.4056450446777412
4 0.4041325609017373
5 0.4026652225060336
6 0.4012621525473522
7 0.3999316360819256
8 0.39867179408058107
9 0.39747153348192854
10 0.39631675404054106
11 0.3951890010130193
12 0.3940704620086964
13 0.39294554932583925
14 0.39180518527052266
15 0.3906477903867708
16 0.3894793442207613
17 0.38831122186718176
18 0.3871563041563872
19 0.38602530439585325
20 0.3849244778911142
21 0.3838551654069062
22 0.3828139589187566
23 0.3817939916586986
24 0.38078638593462555
25 0.37978241293371007
26 0.3787749254339066
27 0.3777589561648056
28 0.3767323271806189
29 0.3756964785473525
30 0.3746569332457031
31 0.3736226058889155
32 0.372603670135884
33 0.3716090953587308
34 0.37064533890304197
35 0.369715869834179
36 0.368820817746111
37 0.36795663387587085
38 0.3671159361226363
39 0.3662882252783561
40 0.36546206021366495
41 0.3646275902950935
42 0.36377806085113307
43 0.3629105601224801
44 0.3620263761705438
45 0.36113043915423665
46 0.3602298777479643
47 0.35933253482436317
48 0.3584458447505878
49 0.35757583683319955
50 0.3567263330667348
51 0.35589888220892624
52 0.35509336510277667
53 0.3543083558544908
54 0.35354086274040775
55 0.3527861973520743
56 0.3520386411119206
57 0.35129260762353626
58 0.35054353729460225
59 0.34978820070178374
60 0.3490248170292577
61 0.3482535309781688
62 0.3474770273889224
63 0.34670035759340484
64 0.3459295118510157
65 0.34516949553636916
66 0.34442324879215175
67 0.3436920000658946
68 0.3429763108401889
69 0.3422765763358495
70 0.34159258703928835
71 0.3409228180411938
72 0.34026420940292945
73 0.3396125763209771
74 0.3389633505846
75 0.33831235125399867
76 0.33765640237123923
77 0.3369936490012132
78 0.3363234492772641
79 0.33564592483847266
80 0.3349615618825807
81 0.3342712902088615
82 0.33357704807379207
83 0.33288232184678507
84 0.332192055930662
85 0.3315117652446894
86 0.33084624857661055
87 0.3301985366182267
88 0.3295695026961313
89 0.328958143257401
90 0.32836220432052826
91 0.32777875820013025
92 0.32720449497690635
93 0.3266357461442931
94 0.3260684597414312
95 0.32549839524933327
96 0.32492167008517175
97 0.32433554388880015
98 0.3237391290721995
99 0.32313368893234995
100 0.3225223413231853
101 0.3219092499197682
102 0.32129862454276
103 0.32069392779802247
104 0.32009754512543326
105 0.3195109070788733
106 0.3189348271555407
107 0.3183697711626259
108 0.3178159073388023
109 0.3172729727520625
110 0.3167400956422817
111 0.3162157040256154
112 0.31569758419902416
113 0.315183087435793
114 0.3146694389391802
115 0.3141540768999626
116 0.3136349419392366
117 0.3131106573085521
118 0.31258058718371434
119 0.3120448088058307
120 0.31150404977353185
121 0.31095961603276595
122 0.3104132968788708
123 0.30986721557488245
124 0.30932361073043574
125 0.3087845736812496
126 0.30825180811536346
127 0.3077264923685916
128 0.30720929208295483
129 0.3067005008794583
130 0.30620022183892714
131 0.3057084874063386
132 0.3052252590193737
133 0.3047503181951161
134 0.30428311303609973
135 0.30382263405495735
136 0.3033673689337966
137 0.30291535269835546
138 0.30246430721074785
139 0.30201185387261137
140 0.3015557766327152
141 0.3010943013847432
142 0.3006263447556662
143 0.30015167965843115
144 0.2996709758024841
145 0.2991857016377492
146 0.2986979102169279
147 0.2982099594072544
148 0.29772422519440195
149 0.29724285545463774
150 0.2967675902396167
151 0.2962996550580962
152 0.2958397230986524
153 0.2953879403289793
154 0.2949440065881535
155 0.294507298536638
156 0.2940770071597568
157 0.2936522532707883
158 0.2932321498904361
159 0.2928158017963571
160 0.2924022596658243
161 0.2919904648649671
162 0.29157922292979743
163 0.2911672309245617
164 0.2907531639734705
165 0.2903358076044328
166 0.28991421026581543
167 0.28948782604556006
168 0.28905662016370653
169 0.28862111706754373
170 0.2881823808240487
171 0.2877419282758825
172 0.28730158572185255
173 0.2868633085543754
174 0.28642898912648224
175 0.2860002798504414
176 0.285578455134252
177 0.28516432745972453
178 0.28475822164133835
179 0.28436000039775333
180 0.2839691272507323
181 0.28358475125312405
182 0.2832058011691719
183 0.28283108133037804
184 0.28245936415322287
185 0.2820894740230097
186 0.28172035550423546
187 0.28135111855876777
188 0.28098105660279993
189 0.2806096392742498
190 0.2802364880523575
191 0.2798613464509532
192 0.27948405589427056
193 0.2791045442885919
194 0.2787228287548937
195 0.27833902921076265
196 0.2779533866891682
197 0.27756627949743695
198 0.27717823091856963
199 0.2767899036793745
200 0.2764020786865255
201 0.27601561831528265
202 0.2756314171107282
203 0.27525034430986467
204 0.2748731829830823
205 0.27450057047975884
206 0.27413294517023334
207 0.2737705054321392
208 0.27341318757412475
209 0.2730606686963365
210 0.272712397554636
211 0.272367651669797
212 0.2720256134665895
213 0.27168545382608006
214 0.27134640951970845
215 0.2710078422492552
216 0.2706692710911795
217 0.27033037594743997
218 0.2699909755940714
219 0.26965098876947097
220 0.2693103894111723
221 0.2689691671973899
222 0.2686273020600728
223 0.26828475712126615
224 0.26794148966685244
225 0.26759747563791264
226 0.267252740569658
227 0.26690738937094216
228 0.2665616285226358
229 0.2662157765113602
230 0.2658702607858472
231 0.2655256016571229
232 0.2651823851240578
233 0.26484122760798995
234 0.2645027361245067
235 0.26416746752032666
236 0.26383589012148695
237 0.263508350577633
238 0.26318504804758447
239 0.26286601736883525
240 0.2625511225240868
241 0.2622400613940335
242 0.26193238225536447
243 0.2616275115415416
244 0.261324791124033
245 0.2610235220297088
246 0.2607230104602896
247 0.26042261150602314
248 0.26012176618329674
249 0.2598200283262031
250 0.25951707926469186
251 0.25921272993391387
252 0.2589069118028801
253 0.2585996595381263
254 0.25829108926409444
255 0.25798137642882657
256 0.257670736555934
257 0.25735941076318924
258 0.2570476562749014
259 0.25673574075792127
260 0.2564239386003321
261 0.25611252735239026
262 0.2558017833617387
263 0.2554919766851596
264 0.2551833661946724
265 0.25487619601437866
266 0.25457069396394627
267 0.25426707177165186
268 0.253965525863224
269 0.253666236978635
270 0.2533693669445403
271 0.25307505166005423
272 0.2527833904696965
273 0.25249443327316407
274 0.2522081675988171
275 0.25192450821065515
276 0.2516432916095161
277 0.25136427705796205
278 0.25108715473527077
279 0.2508115605095387
280 0.2505370958154509
281 0.2502633504291694
282 0.24998992562691344
283 0.24971645536333356
284 0.24944262362410546
285 0.24916817690927137
286 0.24889293165999046
287 0.24861677715884
288 0.24833967484631306
289 0.24806165504860564
290 0.24778281186019246
291 0.24750329655120312
292 0.24722330954040894
293 0.246943090827972
294 0.24666290887625497
295 0.24638304816974893
296 0.24610379600835544
297 0.24582542934067478
298 0.2455482025704804
299 0.24527233725143804
300 0.24499801441498595
301 0.24472537003064557
302 0.24445449379334103
303 0.244185431118137
304 0.2439181879335163
305 0.24365273760452555
306 0.24338902914188915
307 0.24312699574632723
308 0.24286656273618934
309 0.24260765400606332
310 0.2423501963463325
311 0.24209412122577006
312 0.24183936395592406
313 0.24158586051537462
314 0.24133354264340237
315 0.2410823320965795
316 0.24083213512424773
317 0.24058283823823692
318 0.2403343062007553
319 0.2400863828569728
320 0.23983889503642275
321 0.23959165929868168
322 0.2393444908858575
323 0.23909721393073638
324 0.2388496717978192
325 0.2386017364366562
326 0.2383533157994232
327 0.2381043586581541
328 0.23785485651760463
329 0.23760484267965107
330 0.23735438880243792
331 0.23710359949027163
332 0.23685260553430057
333 0.2366015563992583
334 0.23635061247678418
335 0.23609993753342318
336 0.23584969170069406
337 0.23560002530950708
338 0.2353510738572502
339 0.23510295437672987
340 0.23485576343315712
341 0.2346095768919495
342 0.23436445145444412
343 0.23412042778002104
