0 0.9999999343158472
1 0.9558835763052276
2 0.9558950431317805
3 0.9559433780595485
4 0.955989717257879
5 0.9560223296198502
6 0.9560338521946629
7 0.956022254288563
8 0.955990560563917
9 0.9559457817099766
10 0.9558973548681192
11 0.9558553520872233
12 0.955828635347263
13 0.9558231477795477
14 0.9558405959233138
15 0.9558778253226657
16 0.9559272851992732
17 0.9559788032111587
18 0.9560221877826696
19 0.9560495519701935
20 0.9560566741063465
21 0.9560433665593286
22 0.9560130324368871
23 0.9559717448349537
24 0.955927038972583
25 0.9558865190199861
26 0.9558567222705823
27 0.9558423823884085
28 0.9558458086950241
29 0.9558663655585753
30 0.9559003380900024
31 0.9559415334273251
32 0.9559826601497469
33 0.9560168630221649
34 0.9560387575640429
35 0.9560450066197217
36 0.9560346979225637
37 0.9560095733790286
38 0.9559740248987527
39 0.9559345194035923
40 0.9558982438748679
41 0.955871525870111
42 0.9558587188664381
43 0.9558615877574448
44 0.9558791237962558
45 0.9559079538135675
46 0.9559432180860605
47 0.9559794996359503
48 0.9560116193555324
49 0.9560353587799025
50 0.9560480097051529
51 0.9560484916387522
52 0.9560370989717132
53 0.9560153002122087
54 0.9559857553192735
55 0.9559522314592392
56 0.9559191325369163
57 0.9558907825131683
58 0.9558708141130162
59 0.9558618225316702
60 0.9558651271405337
61 0.95588044821628
62 0.9559056498134512
63 0.9559369694680581
64 0.9559698952081871
65 0.9560002833012249
66 0.9560250654020688
67 0.9560422572906285
68 0.9560505980903868
69 0.9560493796098589
70 0.9560386582671119
71 0.9560195634184503
72 0.9559943490035929
73 0.9559661008977194
74 0.9559382328189958
75 0.9559139463046812
76 0.9558957919032486
77 0.9558854307482625
78 0.955883643439475
79 0.9558905174257951
80 0.9559056146990105
81 0.9559279334601843
82 0.9559556835467535
83 0.9559861240492371
84 0.9560157353489533
85 0.9560407835676229
86 0.9560580694835894
87 0.9560655430160071
88 0.9560625609638355
89 0.956049771472542
90 0.9560287815417303
91 0.9560018134789905
92 0.9559714819002814
93 0.955940690429622
94 0.9559125394750843
95 0.9558901144119408
96 0.9558761002617923
97 0.95587229714956
98 0.9558792086477199
99 0.9558958831885048
100 0.9559201017072301
101 0.9559488626255365
102 0.955978987726931
103 0.9560076315846956
104 0.9560325494351871
105 0.9560521181768631
106 0.956065224418283
107 0.9560711628021266
108 0.9560696253671248
109 0.956060770541576
110 0.9560453049581975
111 0.9560245107463166
112 0.9560001816247723
113 0.955974465703112
114 0.9559496400590666
115 0.9559278605054836
116 0.955910936875185
117 0.9559001743311989
118 0.9558962953865745
119 0.9558994291413608
120 0.9559091421884062
121 0.9559244952063533
122 0.9559441272766777
123 0.9559663784843442
124 0.9559894530300016
125 0.9560116049755778
126 0.9560313088275237
127 0.9560473717124608
128 0.9560589622243847
129 0.9560655672166157
130 0.9560669203279315
131 0.9560629532792705
132 0.9560537990235041
133 0.9560398407118302
134 0.9560217742509441
135 0.9560006469231478
136 0.9559778465597096
137 0.9559550329882368
138 0.955934016346329
139 0.9559165939289775
140 0.9559043625532789
141 0.955898530162234
142 0.955899757013907
143 0.955908058174036
144 0.9559227906869572
145 0.9559427309756757
146 0.9559662267456743
147 0.9559913917128922
148 0.956016306856164
149 0.9560391983220957
150 0.9560585742482138
151 0.9560733142645805
152 0.9560827123476512
153 0.9560864761786954
154 0.9560846878119099
155 0.956077734930869
156 0.9560662288710369
157 0.9560509299877138
158 0.9560326976124579
159 0.9560124702475966
160 0.9559912671159989
161 0.9559701921187815
162 0.9559504201027396
163 0.9559331524767469
164 0.9559195405528814
165 0.9559105858809178
166 0.9559070340781364
167 0.9559092810473443
168 0.9559173085108598
169 0.9559306607996909
170 0.9559484682749991
171 0.9559695158446804
172 0.9559923486770903
173 0.9560154020688558
174 0.9560371391009178
175 0.9560561788803801
176 0.9560714003069434
177 0.9560820112715415
178 0.9560875798827116
179 0.9560880308445951
180 0.956083614537931
181 0.9560748576457875
182 0.9560625028060837
183 0.9560474424855225
184 0.9560306508804404
185 0.9560131178605435
186 0.9559957899777658
187 0.9559795237787161
188 0.9559650549776966
189 0.9559529836870398
190 0.9559437722632526
191 0.9559377500438151
192 0.9559351191935734
193 0.95593595778177
194 0.955940218988333
195 0.9559477278032011
196 0.9559581780411324
197 0.9559711329104889
198 0.9559860320581042
199 0.9560022072173993
200 0.9560189073949062
201 0.9560353330805126
202 0.9560506776053421
203 0.9560641728835945
204 0.9560751364341091
205 0.9560830164451238
206 0.9560874313058823
207 0.9560881994502171
208 0.9560853550464675
209 0.9560791457293983
210 0.9560700105829465
211 0.9560585397099757
212 0.9560454201779237
213 0.9560313758953786
214 0.9560171101935001
215 0.95600325915792
216 0.9559903612697338
217 0.9559788453427511
218 0.9559690349881337
219 0.9559611647516962
220 0.9559554012912406
221 0.9559518628150021
222 0.9559506314294519
223 0.9559517556041209
224 0.9559552429324869
225 0.955961045965358
226 0.9559690455018771
227 0.9559790360748802
228 0.9559907175938004
229 0.9560036956356529
230 0.9560174912184874
231 0.9560315594448022
232 0.9560453153476236
233 0.9560581646220555
234 0.956069536629075
235 0.9560789170651224
236 0.9560858779475258
237 0.956090102977654
238 0.9560914067811992
239 0.9560897468809809
240 0.9560852275207673
241 0.9560780947288039
242 0.9560687224345092
243 0.9560575901198937
244 0.9560452533562344
245 0.9560323094768103
246 0.9560193613401345
247 0.9560069824573354
248 0.9559956866022217
249 0.9559859044160811
250 0.9559779685617822
251 0.955972107817075
252 0.9559684493020011
253 0.9559670270139423
254 0.955967794205234
255 0.9559706370380021
256 0.9559753874137725
257 0.9559818337634656
258 0.9559897296156803
259 0.9559988006111475
260 0.9560087510379737
261 0.9560192708336733
262 0.9560300434480612
263 0.9560407542623519
264 0.9560510987356757
265 0.9560607893353085
266 0.9560695606457523
267 0.9560771726911068
268 0.9560834131704943
269 0.9560880997190432
270 0.9560910832997689
271 0.9560922534005554
272 0.9560915450007232
273 0.9560889465127147
274 0.956084507319741
275 0.9560783432723061
276 0.9560706386248039
277 0.956061643342961
278 0.956051665379237
279 0.9560410582543691
280 0.9560302049538792
281 0.9560194996316366
282 0.9560093288305731
283 0.9560000538575393
284 0.9559919956157763
285 0.9559854226935296
286 0.9559805429589724
287 0.955977498459205
288 0.9559763631653959
289 0.9559771430782484
290 0.9559797783568805
291 0.955984147350266
292 0.9559900725734141
293 0.9559973286959332
294 0.9560056524818819
295 0.9560147543815904
296 0.9560243312125102
297 0.9560340791576211
298 0.9560437062117134
299 0.9560529432326751
300 0.9560615528920244
301 0.9560693360322365
302 0.9560761351925083
303 0.956081835327619
304 0.9560863619915576
305 0.9560896774678813
306 0.9560917754851704
307 0.9560926752453159
308 0.956092415505452
309 0.9560910493916377
310 0.9560886404878988
311 0.9560852605494079
312 0.9560809889492832
313 0.9560759137069864
314 0.9560701336928756
315 0.9560637613944692
316 0.9560569255012682
317 0.9560497725448911
318 0.9560424669312976
319 0.9560351889117525
320 0.9560281303291612
321 0.9560214883003196
322 0.9560154573006798
323 0.9560102203571446
324 0.9560059401883114
325 0.9560027511424077
326 0.9560007526735697
327 0.9560000048925712
328 0.956000526469928
329 0.956002294904386
330 0.9560052489429347
331 0.9560092927784185
332 0.956014301569412
333 0.9560201278152869
334 0.9560266081550974
335 0.9560335702144256
336 0.9560408391759797
337 0.9560482437860582
338 0.9560556215332716
339 0.956062822760692
340 0.9560697135164128
341 0.956076177023108
342 0.95608211375712
343 0.9560874402638632
